10

050807020
600010090
702540006
070020301
504000908
103080070
900076205
060090003
080103040

080005000
000003457
000070809
060400903
007010500
408007020
901020000
842300000
000100080

003502900
000040000
106000305
900251008
070408030
800763001
308000104
000020000
005104800

000000000
009805100
051907420
290401065
000000000
140508093
026709580
005103600
000000000

020030090
000907000
900208005
004806500
607000208
003102900
800605007
000309000
030020050

005000006
070009020
000500107
804150000
000803000
000092805
907006000
030400010
200000600

040000050
001943600
009000300
600050002
103000506
800020007
005000200
002436700
030000040

004000000
000030002
390700080
400009001
209801307
600200008
010008053
900040000
000000800

360020089
000361000
000000000
803000602
400603007
607000108
000000000
000418000
970030014

500400060
009000800
640020000
000001008
208000501
700500000
000090084
003000600
060003002